-Users

<svg width="100px" height="100px" viewBox="0 0 1024 1024" xmlns="http://www.w3.org/2000/svg">

<g transform="translate(0.000000,1024.000000) scale(0.100000,-0.100000)"
fill="#1465bb" stroke="none">
<path d="M1965 8695 c-334 -62 -612 -331 -679 -657 -14 -69 -16 -361 -16
-2912 0 -3087 -3 -2904 56 -3052 89 -224 257 -390 486 -480 144 -57 -15 -54
3355 -52 l3098 3 76 22 c293 83 501 284 600 578 l24 70 3 2883 c2 3153 6 2926
-54 3081 -62 157 -210 327 -361 416 -84 49 -195 88 -295 105 -42 6 -1093 10
-3143 9 -2486 -1 -3094 -3 -3150 -14z m6345 -262 c204 -70 360 -241 405 -445
14 -66 15 -342 13 -2898 l-3 -2825 -26 -67 c-40 -102 -87 -173 -159 -241 -79
-75 -162 -121 -266 -147 -76 -20 -122 -20 -3148 -20 -3389 0 -3138 -5 -3282
64 -102 49 -210 153 -263 255 -77 148 -71 -114 -71 3016 0 3113 -6 2859 66
3001 78 156 235 281 394 313 30 6 64 13 75 15 11 2 1411 3 3110 2 l3090 -1 65
-22z"/>
<path d="M5935 7896 c-137 -34 -241 -133 -279 -267 -15 -50 -16 -164 -14
-1080 l3 -1024 31 -65 c57 -120 164 -200 295 -221 40 -6 440 -9 1074 -7 l1010
3 58 22 c117 44 207 139 241 252 14 49 16 164 16 1061 0 1108 2 1061 -62 1162
-54 86 -141 144 -246 167 -79 17 -2058 14 -2127 -3z m2098 -250 c18 -7 45 -28
60 -45 l27 -33 0 -991 c0 -773 -3 -997 -13 -1017 -7 -13 -28 -35 -46 -47 l-34
-23 -1022 0 -1022 0 -34 23 c-18 12 -39 34 -46 47 -10 20 -13 243 -13 1013 0
1103 -5 1028 72 1066 43 21 44 21 1041 21 820 0 1003 -2 1030 -14z"/>
<path d="M6948 7394 c-56 -30 -58 -45 -58 -384 l0 -310 -312 0 c-342 0 -346
-1 -385 -59 -42 -62 -19 -140 51 -172 37 -17 71 -19 344 -19 l302 0 0 -300 c0
-332 2 -345 62 -376 66 -34 148 2 168 75 5 20 10 162 10 318 l0 282 309 3
c295 3 311 4 338 24 15 11 36 37 46 57 17 33 17 42 5 79 -9 28 -24 50 -47 65
-34 23 -38 23 -342 23 l-309 0 -1 298 c0 203 -4 308 -12 332 -23 66 -107 98
-169 64z"/>
<path d="M3470 7569 c-354 -41 -673 -272 -830 -601 -232 -488 -67 -1069 386
-1364 355 -232 810 -231 1162 3 316 210 497 563 479 937 -13 280 -122 529
-314 719 -180 178 -389 279 -636 306 -107 12 -139 12 -247 0z m340 -270 c98
-25 239 -95 317 -159 127 -103 230 -267 274 -435 28 -106 30 -289 5 -390 -75
-295 -295 -524 -583 -607 -113 -33 -324 -33 -437 0 -123 35 -245 103 -332 185
-124 115 -192 224 -241 384 -23 77 -27 106 -27 228 -1 117 3 153 22 218 109
379 453 624 842 600 47 -3 119 -14 160 -24z"/>
<path d="M3130 5229 c-666 -86 -1152 -531 -1292 -1185 -22 -106 -23 -122 -23
-619 l0 -510 23 -58 c47 -115 168 -214 293 -237 77 -15 2882 -13 2951 1 122
26 210 95 265 207 l38 76 0 525 c0 506 -1 530 -22 624 -111 488 -403 855 -838
1050 -145 65 -269 99 -445 123 -118 15 -834 18 -950 3z m965 -254 c282 -43
518 -165 711 -368 151 -160 244 -325 305 -547 23 -83 23 -96 26 -595 3 -487 3
-511 -16 -541 -34 -55 -69 -64 -260 -64 l-171 0 0 394 c0 384 -1 394 -21 420
-23 29 -68 56 -94 56 -31 0 -81 -30 -98 -59 -15 -26 -17 -69 -17 -420 l0 -391
-860 0 -860 0 0 380 c0 414 -2 429 -55 464 -36 23 -96 24 -131 2 -52 -35 -54
-53 -54 -466 l0 -380 -168 0 c-189 0 -220 9 -257 71 -19 33 -20 51 -19 499 0
397 3 478 17 552 104 528 490 904 1017 993 116 20 874 20 1005 0z"/>
<path d="M5930 4976 c-117 -33 -195 -97 -247 -204 l-38 -76 0 -1045 0 -1046
32 -67 c38 -81 102 -146 181 -185 l57 -28 1077 -3 c1071 -2 1077 -2 1132 19
112 41 197 134 230 250 15 49 16 165 14 1080 l-3 1024 -22 55 c-35 84 -100
153 -190 197 l-77 38 -1050 2 c-822 1 -1061 -1 -1096 -11z m2117 -253 c20 -9
44 -30 54 -47 18 -30 19 -70 19 -1030 l0 -998 -39 -39 -39 -39 -1037 0 -1037
0 -39 39 -39 39 0 998 c0 984 0 999 20 1032 39 64 -15 61 1093 62 922 0 1012
-1 1044 -17z"/>
<path d="M6243 3775 c-94 -41 -92 -181 2 -221 29 -12 157 -14 761 -14 642 0
730 2 759 16 93 44 91 182 -2 220 -49 21 -1473 20 -1520 -1z"/>
</g>
</svg>

-Data

<svg width="100px" height="100px" viewBox="0 0 1024 1024" xmlns="http://www.w3.org/2000/svg">

<g transform="translate(0.000000,1024.000000) scale(0.100000,-0.100000)"
fill="#1465bb" stroke="none">
<path d="M3085 7883 c-526 -28 -1067 -137 -1366 -275 -188 -87 -335 -213 -381
-325 l-23 -58 0 -1920 0 -1920 33 -68 c106 -216 413 -368 972 -481 289 -58
526 -83 895 -92 462 -12 926 22 1257 92 l26 6 4 -194 c4 -172 7 -199 27 -251
45 -115 147 -208 266 -242 44 -13 305 -15 1985 -13 l1935 3 58 27 c79 37 128
78 170 141 72 109 68 -40 65 1978 l-3 1814 -31 60 c-39 74 -116 148 -192 183
l-57 27 -402 3 c-222 2 -403 6 -403 10 0 4 170 177 377 384 l378 378 51 -6
c101 -12 213 48 258 138 30 60 35 156 13 211 -36 84 -122 146 -216 154 -112
10 -208 -43 -257 -143 -24 -49 -26 -63 -21 -128 l5 -73 -389 -389 c-269 -268
-395 -388 -407 -385 -9 2 -55 4 -102 5 -69 1 -93 -3 -125 -20 l-41 -21 -314
213 c-173 118 -318 214 -321 214 -3 0 -9 25 -12 55 -14 142 -128 233 -275 223
-76 -6 -111 -21 -161 -70 -50 -49 -71 -101 -71 -182 l0 -69 -247 -249 -247
-248 -142 0 -143 0 -3 423 c-4 477 -2 470 -88 583 -159 211 -689 399 -1316
468 -274 30 -743 44 -1019 29z m840 -253 c413 -37 777 -114 1033 -220 125 -51
195 -95 253 -158 43 -47 49 -59 49 -96 0 -159 -342 -326 -860 -420 -324 -59
-639 -80 -1084 -73 -557 9 -941 64 -1319 188 -290 95 -437 202 -437 319 0 42
74 120 156 166 257 143 791 266 1324 304 156 11 724 5 885 -10z m-2310 -876
c214 -137 606 -242 1135 -305 165 -20 235 -23 660 -23 516 -1 664 8 975 60
343 58 662 164 847 280 l38 24 0 -204 0 -205 -237 -3 c-234 -3 -239 -3 -296
-30 -114 -54 -204 -167 -227 -287 -5 -29 -10 -160 -10 -291 l0 -237 -52 -11
c-306 -66 -733 -98 -1173 -89 -330 7 -520 24 -785 68 -481 80 -816 208 -901
346 l-24 38 -5 453 c-3 248 -4 452 -3 452 2 0 28 -16 58 -36z m5343 -194 c138
-91 251 -168 251 -172 1 -5 -244 -8 -544 -8 -300 0 -545 1 -545 3 0 2 72 75
161 163 105 104 166 158 177 155 50 -11 169 -4 197 12 17 9 35 15 41 14 6 -1
124 -76 262 -167z m452 -447 c52 -54 112 -78 195 -77 58 0 79 5 123 29 30 16
64 42 77 57 l24 28 410 0 c266 0 420 -4 438 -11 36 -13 71 -46 90 -84 14 -26
16 -217 14 -1794 -2 -1717 -3 -1765 -21 -1802 -11 -20 -34 -48 -52 -61 l-33
-23 -1895 -3 c-1311 -2 -1906 0 -1932 8 -44 13 -93 66 -107 117 -15 52 -15
3473 -1 3525 13 47 55 97 95 114 24 11 264 13 1285 14 l1255 0 35 -37z m-5795
-593 c173 -119 630 -241 1100 -295 304 -34 698 -43 1070 -25 260 13 466 39
683 86 l32 7 0 -491 0 -491 -38 -10 c-136 -35 -495 -76 -802 -92 -964 -48
-1960 163 -2088 444 -18 40 -19 62 -14 470 2 235 6 427 9 427 2 0 24 -14 48
-30z m130 -1292 c147 -65 403 -139 600 -174 363 -65 621 -87 1020 -88 403 0
635 17 990 75 66 10 126 19 133 19 9 0 12 -104 12 -488 l0 -489 -52 -11 c-250
-55 -545 -82 -948 -89 -557 -9 -919 27 -1337 132 -342 87 -542 191 -592 308
-17 39 -18 71 -13 474 l5 431 51 -33 c28 -18 87 -48 131 -67z"/>
<path d="M6724 5741 c-18 -11 -36 -25 -40 -33 -5 -7 -11 -179 -14 -383 l-5
-370 -100 -2 c-55 -2 -110 -5 -122 -8 -60 -14 -82 -91 -40 -140 28 -33 81 -46
182 -44 l80 2 0 -239 0 -239 -107 -5 c-95 -4 -110 -8 -130 -28 l-23 -23 -5
-649 -5 -650 -185 -2 -185 -3 -5 743 -5 744 -29 24 -28 25 -304 -3 -304 -3
-27 -28 -28 -27 -3 -734 -4 -734 -90 -4 c-87 -3 -91 -4 -119 -36 -38 -43 -41
-107 -5 -149 l24 -28 1634 -5 c898 -3 1648 -1 1666 3 60 15 89 94 57 156 -20
41 -67 56 -158 54 l-77 -2 2 921 3 921 101 -2 c144 -3 204 27 204 102 0 76
-42 97 -195 97 l-115 0 0 180 c0 192 -9 238 -48 259 -14 7 -124 11 -317 11
l-296 0 -24 -25 c-19 -18 -25 -35 -26 -72 -1 -26 -2 -52 -4 -58 -1 -5 -3 -73
-3 -151 l-2 -141 -87 -7 c-102 -8 -129 -22 -139 -72 -14 -77 27 -112 145 -121
l81 -6 2 -873 c1 -481 2 -892 3 -914 l0 -40 -187 -4 -188 -4 0 650 0 650 -29
29 c-28 28 -33 29 -125 29 l-96 0 0 240 0 240 83 1 c107 0 147 14 171 60 22
40 17 78 -14 109 -18 18 -34 20 -131 20 l-110 0 2 368 c2 397 2 400 -51 427
-39 20 -69 19 -106 -4z"/>
<path d="M5018 4937 c-51 -48 -44 -121 14 -157 40 -24 179 -28 231 -6 56 23
83 87 57 137 -20 37 -63 49 -173 49 -95 0 -106 -2 -129 -23z"/>
<path d="M5495 4946 c-59 -26 -71 -97 -26 -148 27 -30 32 -32 118 -36 136 -6
188 17 200 90 4 29 0 41 -25 69 l-30 34 -104 3 c-70 1 -113 -2 -133 -12z"/>
<path d="M5963 4953 c-32 -6 -63 -50 -63 -88 0 -43 32 -82 78 -95 53 -14 177
-12 216 4 84 35 90 138 11 172 -33 13 -186 18 -242 7z"/>
</g>
</svg>

-Usage

<svg width="100px" height="100px" viewBox="0 0 1024 1024" xmlns="http://www.w3.org/2000/svg">

<g transform="translate(0.000000,1024.000000) scale(0.100000,-0.100000)"
fill="#1465bb" stroke="none">
<path d="M2770 9243 c-236 -25 -508 -117 -740 -251 -415 -240 -736 -667 -855
-1139 -48 -192 -61 -511 -30 -731 74 -512 383 -992 821 -1275 177 -115 450
-225 647 -261 216 -41 517 -39 730 4 437 89 861 355 1118 702 302 407 416 959
308 1493 -77 383 -300 758 -600 1010 -362 304 -781 459 -1227 453 -75 0 -153
-3 -172 -5z m490 -229 c226 -36 453 -128 640 -261 131 -94 350 -314 425 -428
76 -116 166 -291 199 -391 60 -180 77 -286 83 -495 7 -267 -12 -415 -79 -614
-31 -91 -109 -242 -178 -345 -55 -83 -63 -90 -78 -77 -50 41 -456 401 -642
567 -118 106 -295 263 -392 349 l-177 156 -1 781 0 781 53 -4 c28 -2 95 -11
147 -19z m-398 -776 l3 -793 29 -52 c22 -39 81 -99 245 -245 118 -106 295
-265 391 -353 96 -88 273 -247 393 -354 119 -106 217 -197 217 -201 0 -12
-113 -113 -195 -175 -88 -67 -266 -166 -368 -206 -262 -101 -577 -134 -839
-89 -122 21 -320 80 -446 134 -222 95 -491 307 -633 498 -169 228 -282 476
-325 713 -27 150 -25 444 4 581 31 143 74 269 142 411 117 246 279 438 518
616 222 165 412 248 662 287 41 6 82 13 90 15 8 1 36 3 62 4 l48 1 2 -792z"/>
<path d="M5593 8955 c-17 -7 -36 -22 -41 -32 -6 -11 -11 -637 -14 -1648 -4
-1342 -3 -1635 8 -1656 7 -15 28 -32 45 -38 23 -8 536 -11 1815 -11 1754 0
1784 0 1803 19 26 26 36 84 21 120 -17 41 -55 54 -147 50 l-78 -4 4 830 c2
576 0 838 -7 857 -21 53 -49 58 -301 58 -229 0 -230 0 -258 -24 l-28 -24 -3
-846 -2 -846 -104 0 -104 0 -4 378 c-3 329 -5 381 -20 408 -27 50 -49 54 -283
54 -212 0 -214 0 -242 -24 l-28 -24 -3 -396 -3 -396 -114 0 -115 0 0 483 c0
537 1 527 -69 574 -41 28 -65 29 -122 4 -30 -13 -82 -21 -159 -26 -127 -8
-176 -25 -200 -71 -13 -23 -15 -103 -15 -495 l0 -468 -100 -3 c-55 -2 -103 -2
-107 0 -5 2 -8 129 -8 283 l0 281 -28 28 c-27 26 -34 28 -153 35 -68 4 -174 5
-234 1 -107 -5 -111 -6 -137 -36 l-28 -30 0 -280 0 -280 -145 0 -145 0 0 1571
c0 1058 -3 1577 -10 1590 -12 22 -61 49 -87 49 -10 -1 -32 -7 -50 -15z m3237
-2420 l0 -775 -120 0 -120 0 0 768 c0 423 3 771 6 774 3 4 57 7 120 7 l114 1
0 -775z m-1620 -345 l0 -430 -100 0 -100 0 0 430 0 430 100 0 100 0 0 -430z
m810 -100 l0 -330 -110 0 -110 0 0 330 0 330 110 0 110 0 0 -330z m-1583 -112
c-2 -258 12 -234 -134 -223 l-93 7 0 219 0 219 114 0 115 0 -2 -222z"/>
<path d="M8781 8829 c-123 -24 -203 -152 -181 -293 8 -52 35 -12 -316 -468
-101 -131 -235 -310 -300 -398 -64 -88 -120 -160 -123 -159 -3 0 -149 109
-325 242 l-319 242 -3 43 c-19 212 -303 275 -394 87 -18 -38 -22 -58 -18 -116
l4 -71 -197 -221 c-108 -122 -248 -280 -311 -352 l-114 -130 -55 -5 c-84 -9
-118 -35 -139 -111 -23 -80 45 -181 132 -194 88 -13 177 53 178 131 1 30 129
181 508 599 l145 160 76 11 76 12 80 -61 c44 -34 185 -146 314 -250 267 -216
290 -233 339 -247 53 -14 91 9 161 98 276 354 535 683 642 818 l128 160 62 12
c78 14 144 54 183 110 24 34 31 56 34 106 5 78 -8 121 -53 174 -51 58 -134 86
-214 71z"/>
<path d="M6563 5095 c-283 -51 -571 -228 -743 -457 -168 -223 -241 -444 -242
-728 0 -269 67 -482 220 -700 l59 -85 -618 -620 c-340 -341 -632 -639 -649
-661 -91 -125 -79 -284 31 -392 84 -82 192 -110 304 -78 70 21 48 1 705 645
261 257 538 528 616 604 l141 137 39 -13 c82 -29 182 -42 324 -42 155 0 237
12 366 50 45 14 85 25 88 25 3 0 6 -286 6 -635 l0 -635 -140 0 -140 0 0 366
c0 231 -4 372 -10 385 -25 46 -51 49 -365 49 -329 0 -351 -3 -381 -61 -14 -29
-17 -76 -18 -383 l-1 -351 -118 0 c-117 0 -119 0 -143 -28 -50 -59 -22 -147
49 -147 2532 -3 3209 0 3236 15 35 17 45 44 37 91 -9 47 -39 64 -109 64 l-58
0 7 1508 c4 1079 3 1515 -5 1534 -6 16 -25 37 -43 48 -31 19 -51 20 -366 20
-220 0 -340 -4 -354 -11 -50 -27 -48 31 -48 -1589 l0 -1510 -125 0 -125 0 0
683 c0 440 -4 695 -10 719 -7 24 -24 48 -47 65 -36 28 -38 28 -210 31 l-174 3
64 72 c179 202 271 391 313 645 21 129 14 343 -15 461 -71 283 -245 533 -494
710 -84 59 -265 146 -357 170 -152 41 -356 52 -497 26z m392 -204 c178 -37
337 -119 466 -239 104 -97 169 -185 229 -307 82 -167 114 -361 91 -555 -29
-243 -111 -415 -278 -586 -125 -129 -271 -215 -458 -270 -73 -21 -117 -27
-230 -31 -126 -4 -150 -2 -238 21 -119 31 -286 108 -376 175 -153 113 -276
277 -340 453 -46 125 -55 178 -55 338 0 136 3 167 26 252 124 459 508 763 968
767 66 0 138 -6 195 -18z m1925 -1926 l0 -1455 -225 0 -225 0 0 1455 0 1455
225 0 225 0 0 -1455z m-2827 -24 c29 -21 74 -51 101 -66 l49 -28 -649 -643
c-528 -523 -655 -644 -682 -650 -72 -14 -152 36 -152 95 1 66 34 103 566 626
291 286 570 561 619 611 50 50 91 92 93 92 2 1 26 -15 55 -37z m1757 -766 l0
-665 -215 0 -215 0 0 665 0 665 215 0 215 0 0 -665z m-1060 -360 l0 -305 -215
0 -215 0 0 305 0 305 215 0 215 0 0 -305z"/>
<path d="M6970 4288 c-31 -16 -52 -36 -68 -65 -22 -41 -22 -43 -29 -602 -5
-467 -4 -561 7 -561 8 0 47 9 87 21 247 69 436 206 493 357 19 49 20 78 20
390 0 306 -2 341 -19 377 -21 46 -54 79 -94 94 -16 6 -100 11 -191 11 -148 0
-166 -2 -206 -22z"/>
<path d="M6163 3755 c-17 -7 -36 -22 -41 -32 -5 -10 -12 -86 -16 -170 -8 -168
-3 -191 55 -264 87 -110 343 -229 493 -229 l36 0 0 314 c0 308 0 314 -22 346
-13 19 -36 37 -53 42 -51 14 -416 8 -452 -7z"/>
<path d="M1516 4979 c-177 -42 -332 -202 -381 -394 -23 -89 -23 -1831 0 -1920
26 -100 63 -165 139 -241 115 -115 217 -154 402 -154 l94 0 0 -277 c0 -166 4
-293 11 -316 6 -22 25 -55 43 -74 28 -31 40 -37 87 -40 40 -4 70 1 113 17 64
24 139 90 576 504 l195 185 780 1 c860 0 850 0 969 63 123 65 226 201 255 335
8 37 11 328 11 970 0 994 1 963 -56 1079 -34 70 -131 174 -197 212 -115 65
-17 61 -1581 60 -816 -1 -1438 -5 -1460 -10z m2860 -189 c97 -20 185 -100 220
-200 10 -27 13 -239 13 -960 l1 -925 -24 -51 c-28 -61 -83 -124 -134 -156
l-37 -23 -830 -5 -830 -5 -50 -27 c-30 -16 -135 -108 -263 -230 -118 -111
-273 -258 -345 -325 l-132 -121 -5 329 c-5 325 -5 329 -28 351 -21 22 -32 23
-210 28 -156 4 -193 8 -221 23 -54 30 -121 97 -149 152 l-27 50 -3 914 c-3
1036 -7 980 74 1070 60 66 124 103 201 116 85 14 2709 9 2779 -5z"/>
<path d="M2890 3911 c-50 -15 -86 -40 -132 -89 -191 -204 23 -530 297 -452 70
19 155 104 180 179 22 67 16 159 -13 218 -58 112 -214 180 -332 144z"/>
<path d="M1957 3894 c-30 -9 -65 -31 -91 -57 -146 -147 -111 -374 71 -463 176
-86 366 33 381 238 14 200 -169 344 -361 282z"/>
<path d="M3805 3889 c-32 -12 -92 -54 -113 -79 -7 -8 -25 -40 -40 -70 -52
-110 -28 -243 60 -327 100 -96 254 -97 362 -2 65 57 91 117 90 209 0 118 -49
201 -148 252 -48 25 -164 34 -211 17z"/>
</g>
</svg>
